0 0.656780 0.469950 0.706400 0.469950 0.706400 0.546370 0.656780 0.546370
0 0.621420 0.504740 0.653930 0.504740 0.653930 0.571470 0.621420 0.571470
0 0.591760 0.515000 0.620280 0.515000 0.620280 0.578310 0.591760 0.578310
0 0.625980 0.382110 0.666480 0.382110 0.666480 0.449410 0.625980 0.449410
0 0.600320 0.414050 0.623700 0.414050 0.623700 0.460820 0.600320 0.460820
0 0.568950 0.415760 0.600890 0.415760 0.600890 0.476790 0.568950 0.476790
0 0.545560 0.444280 0.576360 0.444280 0.576360 0.519000 0.545560 0.519000
0 0.517620 0.440860 0.545560 0.440860 0.545560 0.493330 0.517620 0.493330
0 0.486250 0.451120 0.516480 0.451120 0.516480 0.508730 0.486250 0.508730
0 0.422940 0.456830 0.453740 0.456830 0.453740 0.518430 0.422940 0.518430
0 0.393850 0.412910 0.421230 0.412910 0.421230 0.502460 0.393850 0.502460
0 0.346520 0.406070 0.373320 0.406070 0.373320 0.466520 0.346520 0.466520
0 0.369900 0.422610 0.392140 0.422610 0.392140 0.473370 0.369900 0.473370