0 0.407760 0.439170 0.442320 0.439170 0.442320 0.512530 0.407760 0.512530
0 0.441620 0.424350 0.469130 0.424350 0.469130 0.505480 0.441620 0.505480
0 0.464900 0.425060 0.495940 0.425060 0.495940 0.504770 0.464900 0.504770
0 0.495230 0.431410 0.526270 0.431410 0.526270 0.508300 0.495230 0.508300
0 0.526970 0.434940 0.553780 0.434940 0.553780 0.504070 0.526970 0.504070
0 0.555190 0.427880 0.581290 0.427880 0.581290 0.505480 0.555190 0.505480
0 0.579880 0.440580 0.620090 0.440580 0.620090 0.504070 0.579880 0.504070
0 0.620800 0.427880 0.651130 0.427880 0.651130 0.491370 0.620800 0.491370
0 0.648310 0.427180 0.696980 0.427180 0.696980 0.482200 0.648310 0.482200
0 0.263910 0.508910 0.312590 0.512620 0.307920 0.573820 0.259250 0.570110
0 0.309000 0.535810 0.352740 0.535810 0.352740 0.626810 0.309000 0.626810
0 0.350620 0.554150 0.378840 0.554150 0.378840 0.631750 0.350620 0.631750
0 0.377430 0.561910 0.410580 0.561910 0.410580 0.638100 0.377430 0.638100