0 0.318670 0.341420 0.379820 0.341420 0.379820 0.462880 0.318670 0.462880
0 0.368100 0.381630 0.429250 0.381630 0.429250 0.479630 0.368100 0.479630
0 0.425060 0.424350 0.451870 0.424350 0.451870 0.478800 0.425060 0.478800
0 0.443490 0.413460 0.475320 0.413460 0.475320 0.478800 0.443490 0.478800
0 0.476160 0.424350 0.505480 0.424350 0.505480 0.508120 0.476160 0.508120
0 0.506320 0.421830 0.542340 0.421830 0.542340 0.509790 0.506320 0.509790
0 0.539820 0.420160 0.565790 0.420160 0.565790 0.494710 0.539820 0.494710
0 0.563280 0.424350 0.593440 0.424350 0.593440 0.492200 0.563280 0.492200
0 0.661290 0.385810 0.711550 0.385810 0.711550 0.461210 0.661290 0.461210
0 0.709040 0.362360 0.765160 0.362360 0.765160 0.424350 0.709040 0.424350
0 0.642020 0.492200 0.688090 0.492200 0.688090 0.609480 0.642020 0.609480
0 0.678040 0.472100 0.725790 0.472100 0.725790 0.588530 0.678040 0.588530
0 0.413330 0.502250 0.452700 0.502250 0.452700 0.595240 0.413330 0.595240
0 0.305160 0.442170 0.350750 0.459340 0.313970 0.557060 0.268370 0.539900
0 0.381140 0.487780 0.422770 0.492360 0.408670 0.620590 0.367030 0.616010
0 0.344220 0.470100 0.404570 0.492200 0.364760 0.600920 0.304410 0.578820