0 0.321830 0.438110 0.357140 0.438110 0.357140 0.517870 0.321830 0.517870
0 0.461750 0.491070 0.474820 0.491070 0.474820 0.570830 0.461750 0.570830
0 0.475480 0.496950 0.499010 0.496950 0.499010 0.575410 0.475480 0.575410
0 0.497050 0.496300 0.523860 0.496300 0.523860 0.572790 0.497050 0.572790
0 0.518630 0.493030 0.547390 0.493030 0.547390 0.564950 0.518630 0.564950
0 0.578780 0.478650 0.605580 0.478650 0.605580 0.562990 0.578780 0.562990
0 0.600350 0.447260 0.644810 0.447260 0.644810 0.531600 0.600350 0.531600
0 0.549360 0.594370 0.570280 0.594370 0.570280 0.663670 0.549360 0.663670
0 0.484630 0.596330 0.506200 0.596330 0.506200 0.647980 0.484630 0.647980
0 0.406170 0.579330 0.436900 0.579330 0.436900 0.649940 0.406170 0.649940
0 0.325100 0.532910 0.369560 0.532910 0.369560 0.603520 0.325100 0.603520