0 0.565180 0.480020 0.599180 0.480020 0.599180 0.539520 0.565180 0.539520
0 0.544910 0.487860 0.580870 0.487860 0.580870 0.581360 0.544910 0.581360
0 0.517450 0.527750 0.547520 0.527750 0.547520 0.608160 0.517450 0.608160
0 0.496530 0.540820 0.518100 0.540820 0.518100 0.600320 0.496530 0.600320
0 0.475610 0.540820 0.496530 0.540820 0.496530 0.610130 0.475610 0.610130
0 0.452070 0.545400 0.474300 0.545400 0.474300 0.609470 0.452070 0.609470
0 0.433760 0.540820 0.450760 0.540820 0.450760 0.609470 0.433760 0.609470
0 0.412190 0.537550 0.437030 0.537550 0.437030 0.636930 0.412190 0.636930
0 0.386690 0.499630 0.411530 0.499630 0.411530 0.600970 0.386690 0.600970
0 0.361190 0.480020 0.387340 0.480020 0.387340 0.571550 0.361190 0.571550
0 0.326810 0.456790 0.375750 0.465370 0.360270 0.553600 0.311330 0.545010
0 0.287930 0.415330 0.334790 0.424390 0.316390 0.519520 0.269530 0.510450