0 0.571760 0.480690 0.602200 0.480690 0.602200 0.549750 0.571760 0.549750
0 0.541320 0.484770 0.573120 0.484770 0.573120 0.582000 0.541320 0.582000
0 0.520420 0.528850 0.542680 0.528850 0.542680 0.615620 0.520420 0.615620
0 0.497700 0.538390 0.518600 0.538390 0.518600 0.601540 0.497700 0.601540
0 0.476350 0.541110 0.494980 0.541110 0.494980 0.607900 0.476350 0.607900
0 0.453630 0.542020 0.474530 0.542020 0.474530 0.611990 0.453630 0.611990
0 0.433180 0.534750 0.452270 0.534750 0.452270 0.613350 0.433180 0.613350
0 0.409560 0.530210 0.432280 0.530210 0.432280 0.637890 0.409560 0.637890
0 0.389240 0.492810 0.410550 0.494220 0.403980 0.593500 0.382670 0.592090
0 0.360000 0.478550 0.388020 0.481470 0.379150 0.566420 0.351140 0.563500
0 0.322890 0.459020 0.361370 0.465510 0.348850 0.539740 0.310370 0.533250
0 0.273220 0.409690 0.327140 0.413710 0.319450 0.516620 0.265540 0.512590